time	V(n002)
0.000000000000000e+000	0.000000e+000
1.128281248384155e-004	3.433614e-006
1.616562498384155e-004	1.175607e-004
2.104843748384156e-004	2.835467e-003
2.593124998384155e-004	1.976388e-002
3.081406248384155e-004	6.356565e-002
3.569687498384155e-004	1.303817e-001
4.057968748384155e-004	2.078860e-001
4.546249998384155e-004	2.895658e-001
6.011093748384156e-004	5.436437e-001
7.127165176955586e-004	7.413128e-001
8.243236605527016e-004	9.365988e-001
9.359308034098445e-004	1.129502e+000
1.047537946266988e-003	1.320021e+000
1.159145089124131e-003	1.508158e+000
1.270752231981274e-003	1.693911e+000
1.382359374838416e-003	1.877281e+000
1.598598214124130e-003	2.222894e+000
1.814837053409844e-003	2.545181e+000
2.031075892695558e-003	2.844142e+000
2.247314731981272e-003	3.119777e+000
2.463553571266986e-003	3.372086e+000
2.679792410552700e-003	3.601069e+000
2.896031249838413e-003	3.806726e+000
3.328508928409840e-003	4.118913e+000
3.760986606981268e-003	4.303675e+000
4.193464285552695e-003	4.361012e+000
4.625941964124122e-003	4.290924e+000
5.058419642695549e-003	4.093411e+000
5.490897321266976e-003	3.768473e+000
5.923374999838403e-003	3.316111e+000
6.111712053409830e-003	3.086197e+000
6.300049106981258e-003	2.841473e+000
6.488386160552686e-003	2.581939e+000
6.676723214124114e-003	2.307594e+000
6.865060267695542e-003	2.018438e+000
7.053397321266971e-003	1.714473e+000
7.241734374838398e-003	1.395696e+000
7.318464285552683e-003	1.264191e+000
7.395194196266969e-003	1.132065e+000
7.471924106981254e-003	9.993183e-001
7.548654017695540e-003	8.659507e-001
7.625383928409825e-003	7.319623e-001
7.702113839124111e-003	5.973532e-001
7.778843749838396e-003	4.621232e-001
7.876499999838397e-003	2.934383e-001
7.925328124838397e-003	2.115488e-001
7.974156249838398e-003	1.337270e-001
8.022984374838399e-003	6.617287e-002
8.071812499838399e-003	2.112078e-002
8.120640624838400e-003	3.184466e-003
8.169468749838401e-003	1.376632e-004
8.218296874838401e-003	4.031289e-006
8.267124999838402e-003	2.253780e-006
8.315953124838403e-003	8.765995e-007
8.364781249838403e-003	-1.002519e-007
8.413609374838404e-003	-6.767745e-007
8.462437499838405e-003	-8.529681e-007
8.511265624838406e-003	-6.288329e-007
8.560093749838406e-003	-4.368768e-009
8.692627231981265e-003	-6.866388e-009
8.825160714124125e-003	-9.331973e-009
8.957694196266984e-003	-1.176552e-008
9.090227678409842e-003	-1.416703e-008
9.222761160552701e-003	-1.653651e-008
9.355294642695560e-003	-1.887395e-008
9.487828124838419e-003	-2.117936e-008
9.711042410552708e-003	-2.497220e-008
9.934256696266998e-003	-2.853095e-008
1.015747098198129e-002	-3.185562e-008
1.038068526769558e-002	-3.494621e-008
1.060389955340987e-002	-3.780271e-008
1.082711383912415e-002	-4.042513e-008
1.105032812483844e-002	-4.281347e-008
1.151768303555273e-002	-4.671298e-008
1.198503794626703e-002	-4.911966e-008
1.245239285698132e-002	-5.003350e-008
1.291974776769561e-002	-4.945450e-008
1.338710267840990e-002	-4.738265e-008
1.385445758912420e-002	-4.381797e-008
1.432181249983849e-002	-3.876045e-008
1.452410044626706e-002	-3.618902e-008
1.472638839269564e-002	-3.345048e-008
1.492867633912421e-002	-3.054483e-008
1.513096428555279e-002	-2.747208e-008
1.533325223198136e-002	-2.423221e-008
1.553554017840993e-002	-2.082523e-008
1.573782812483851e-002	-1.725113e-008
1.584943526769565e-002	-1.525156e-008
1.596104241055280e-002	-1.323418e-008
1.607264955340994e-002	-1.119900e-008
1.618425669626708e-002	-9.146025e-009
1.629586383912423e-002	-7.075247e-009
1.640747098198137e-002	-4.986667e-009
1.651907812483852e-002	-2.880288e-009
1.666556249983852e-002	7.356757e-010
1.676321874983852e-002	1.052084e-006
1.681204687483852e-002	3.643700e-005
1.686087499983852e-002	1.094266e-003
1.690970312483852e-002	1.158838e-002
1.695853124983852e-002	4.589615e-002
1.700735937483852e-002	1.062940e-001
1.705618749983853e-002	1.814001e-001
1.710501562483853e-002	2.621317e-001
1.720267187483853e-002	4.298728e-001
1.729335267840996e-002	5.898855e-001
1.738403348198139e-002	7.489087e-001
1.747471428555282e-002	9.069425e-001
1.756539508912425e-002	1.063987e+000
1.765607589269568e-002	1.220042e+000
1.774675669626711e-002	1.375107e+000
1.783743749983854e-002	1.529183e+000
1.803274999983854e-002	1.855266e+000
1.822806249983854e-002	2.164537e+000
1.842337499983855e-002	2.456997e+000
1.861868749983855e-002	2.732646e+000
1.881399999983855e-002	2.991483e+000
1.900931249983855e-002	3.233508e+000
1.920462499983856e-002	3.458722e+000
1.969290624983856e-002	3.917831e+000
2.018118749983857e-002	4.215316e+000
2.066946874983858e-002	4.351177e+000
2.115774999983858e-002	4.325414e+000
2.164603124983859e-002	4.138028e+000
2.213431249983860e-002	3.789018e+000
2.262259374983860e-002	3.278384e+000
2.280395535698146e-002	3.054414e+000
2.298531696412432e-002	2.816762e+000
2.316667857126718e-002	2.565428e+000
2.334804017841004e-002	2.300411e+000
2.352940178555290e-002	2.021712e+000
2.371076339269576e-002	1.729331e+000
2.389212499983862e-002	1.423267e+000
2.397583035698148e-002	1.279867e+000
2.405953571412434e-002	1.135801e+000
2.414324107126720e-002	9.910678e-001
2.422694642841006e-002	8.456683e-001
2.431065178555291e-002	6.996024e-001
2.439435714269577e-002	5.528701e-001
2.447806249983863e-002	4.054712e-001
2.457571874983863e-002	2.385143e-001
2.462454687483863e-002	1.589215e-001
2.467337499983863e-002	8.678114e-002
2.472220312483863e-002	3.304208e-002
2.477103124983864e-002	6.774505e-003
2.481985937483864e-002	4.312118e-004
2.486868749983864e-002	1.314592e-005
2.492449107126721e-002	7.325467e-006
2.498029464269578e-002	2.818929e-006
2.503609821412435e-002	-3.736907e-007
2.509190178555293e-002	-2.252391e-006
2.514770535698150e-002	-2.817173e-006
2.520350892841007e-002	-2.068036e-006
2.525931249983864e-002	-4.979730e-009
2.539882142841007e-002	-7.606222e-009
2.553833035698150e-002	-1.019437e-008
2.567783928555293e-002	-1.274419e-008
2.581734821412436e-002	-1.525567e-008
2.595685714269580e-002	-1.772881e-008
2.609636607126722e-002	-2.016361e-008
2.623587499983866e-002	-2.256007e-008
2.646606473198152e-002	-2.640731e-008
2.669625446412438e-002	-2.999485e-008
2.692644419626724e-002	-3.332268e-008
2.715663392841010e-002	-3.639081e-008
2.738682366055296e-002	-3.919923e-008
2.761701339269582e-002	-4.174795e-008
2.784720312483868e-002	-4.403696e-008
2.830060714269583e-002	-4.744030e-008
2.875401116055298e-002	-4.943927e-008
2.920741517841013e-002	-5.003387e-008
2.966081919626728e-002	-4.922409e-008
3.011422321412443e-002	-4.700994e-008
3.056762723198158e-002	-4.339141e-008
3.102103124983872e-002	-3.836852e-008
3.122331919626729e-002	-3.576186e-008
3.142560714269585e-002	-3.299099e-008
3.162789508912441e-002	-3.005592e-008
3.183018303555297e-002	-2.695664e-008
3.203247098198153e-002	-2.369315e-008
3.223475892841009e-002	-2.026545e-008
3.243704687483866e-002	-1.667355e-008
3.254865401769579e-002	-1.466579e-008
3.266026116055293e-002	-1.264127e-008
3.277186830341006e-002	-1.059999e-008
3.288347544626721e-002	-8.541955e-009
3.299508258912434e-002	-6.467164e-009
3.310668973198148e-002	-4.375616e-009
3.321829687483861e-002	-2.267311e-009
3.346243749983860e-002	1.120022e-005
3.351126562483860e-002	3.703972e-004
3.356009374983859e-002	6.173384e-003
3.360892187483859e-002	3.123202e-002
3.365774999983859e-002	8.388312e-002
3.370657812483859e-002	1.555292e-001
3.375540624983858e-002	2.348562e-001
3.380423437483858e-002	3.173764e-001
3.386701339269572e-002	4.268030e-001
3.392979241055286e-002	5.362942e-001
3.399257142840999e-002	6.458500e-001
3.405535044626714e-002	7.554705e-001
3.411812946412428e-002	8.651556e-001
3.418090848198142e-002	9.749054e-001
3.424368749983855e-002	1.084720e+000
3.441109821412426e-002	1.375444e+000
3.457850892840996e-002	1.656205e+000
3.474591964269567e-002	1.927004e+000
3.491333035698137e-002	2.187840e+000
3.508074107126708e-002	2.438713e+000
3.524815178555278e-002	2.679623e+000
3.541556249983849e-002	2.910570e+000
3.571550669626705e-002	3.291756e+000
3.601545089269560e-002	3.615177e+000
3.631539508912415e-002	3.880833e+000
3.661533928555270e-002	4.088725e+000
3.691528348198126e-002	4.238852e+000
3.721522767840982e-002	4.331214e+000
3.751517187483837e-002	4.365812e+000
3.780814062483835e-002	4.326687e+000
3.810110937483834e-002	4.232466e+000
3.839407812483832e-002	4.083148e+000
3.868704687483830e-002	3.878734e+000
3.898001562483829e-002	3.619224e+000
3.927298437483827e-002	3.304617e+000
3.956595312483825e-002	2.934914e+000
3.973336383912396e-002	2.705474e+000
3.990077455340966e-002	2.465934e+000
4.006818526769537e-002	2.216293e+000
4.023559598198107e-002	1.956553e+000
4.040300669626678e-002	1.686713e+000
4.057041741055248e-002	1.406772e+000
4.073782812483819e-002	1.116732e+000
4.080060714269532e-002	1.007167e+000
4.086338616055246e-002	8.975736e-001
4.092616517840960e-002	7.879520e-001
4.098894419626675e-002	6.783022e-001
4.105172321412388e-002	5.686241e-001
4.111450223198102e-002	4.589178e-001
4.117728124983816e-002	3.491832e-001
4.122610937483816e-002	2.658505e-001
4.127493749983816e-002	1.849622e-001
4.132376562483815e-002	1.095051e-001
4.137259374983815e-002	4.813769e-002
4.142142187483815e-002	1.251700e-002
4.147024999983814e-002	1.256755e-003
4.151907812483814e-002	4.274264e-005
4.156790624983814e-002	1.235206e-006
4.176321874983813e-002	-1.918591e-009
4.187482589269526e-002	-4.028071e-009
4.198643303555240e-002	-6.121336e-009
4.209804017840953e-002	-8.198387e-009
4.220964732126668e-002	-1.025923e-008
4.232125446412381e-002	-1.230385e-008
4.243286160698095e-002	-1.433226e-008
4.254446874983808e-002	-1.634445e-008
4.274675669626665e-002	-1.994623e-008
4.294904464269520e-002	-2.338547e-008
4.315133258912376e-002	-2.666215e-008
4.335362053555232e-002	-2.977628e-008
4.355590848198088e-002	-3.272787e-008
4.375819642840945e-002	-3.551691e-008
4.396048437483800e-002	-3.814339e-008
4.437203571412370e-002	-4.280493e-008
4.478358705340938e-002	-4.631194e-008
4.519513839269507e-002	-4.866442e-008
4.560668973198077e-002	-4.986238e-008
4.601824107126646e-002	-4.990581e-008
4.642979241055215e-002	-4.879472e-008
4.684134374983784e-002	-4.652910e-008
4.708548437483782e-002	-4.456875e-008
4.732962499983781e-002	-4.228824e-008
4.757376562483780e-002	-3.968758e-008
4.781790624983778e-002	-3.676677e-008
4.806204687483777e-002	-3.352580e-008
4.830618749983776e-002	-2.996467e-008
4.855032812483774e-002	-2.608338e-008
4.862705803555202e-002	-2.483442e-008
4.870378794626631e-002	-2.356746e-008
4.878051785698059e-002	-2.228250e-008
4.885724776769487e-002	-2.097954e-008
4.893397767840915e-002	-1.965858e-008
4.901070758912343e-002	-1.831962e-008
4.908743749983771e-002	-1.696266e-008
4.913626562483771e-002	-1.609347e-008
4.924089732126628e-002	-1.420556e-008
4.934552901769484e-002	-1.230316e-008
4.945016071412341e-002	-1.038628e-008
4.955479241055197e-002	-8.454910e-009
4.965942410698054e-002	-6.509058e-009
4.976405580340910e-002	-4.548720e-009
4.986868749983767e-002	-2.573897e-009
4.996634374983766e-002	-7.003942e-010
5.000000000000000e-002	-1.548104e-017
